1 0
2 5
3 10
4 15
5 20
6 25
7 30
8 35
9 40
10 45
11 50
12 55
13 60
14 65
15 70
16 75
17 80
18 85
19 90
20 95
21 100
22 125
23 150
24 175
25 200
26 225
27 250
28 275
29 300
30 325
31 350
32 375
33 400
34 425
35 450
36 475
37 500
38 550
39 600
40 650
41 700
42 750
43 800
44 850
45 900
46 950
47 1000
48 1050
49 1100
50 1150
51 1200
52 1250
53 1300
54 1350
55 1400
56 1450
57 1500
58 1550
59 1600
60 1650
61 1700
62 1750
63 1800
64 1850
65 1900
66 1950
67 2000
68 2100
69 2200
70 2300
71 2400
72 2500
73 2600
74 2700
75 2800
76 2900
77 3000
78 3100
79 3200
80 3300
81 3400
82 3500
83 3600
84 3700
85 3800
86 3900
87 4000
88 4100
89 4200
90 4300
91 4400
92 4500
93 4600
94 4700
95 4800
96 4900
97 5000
98 5100
99 5200
100 5300
101 5400
102 5500
103 5600
104 5700
105 5800
106 5900
107 6000
108 6100
109 6200
110 6300
111 6400
112 6500
113 6600
114 6700
115 6800
116 6900
117 7000
118 7100
119 7200
120 7300
121 7400
122 7500
123 7600
124 7700
125 7800
126 7900
127 8000
128 8100
129 8200
130 8300
131 8400
132 8500
133 8600
134 8700
135 8800
136 8900
137 9000
